250
46.16316
16.04197
31.15490
25.49564
38.20117
22.45774
36.46559
23.14781
42.60724
67.95775
50.30181
55.16619
16.56752
48.40520
34.45393
28.66089
32.92434
18.95486
37.82903
22.58306
43.46246
39.13276
15.29191
42.27017
42.73903
35.20430
33.22740
51.63248
36.38408
67.79304
40.96424
37.67436
58.32513
28.72843
12.67308
40.64588
32.52129
31.48684
52.18286
11.36417
18.42110
68.23389
15.89020
29.54246
40.64683
55.38998
25.31814
36.29351
25.93032
30.86972
49.78115
13.68306
46.67639
29.66737
41.49843
49.94587
13.52400
37.63614
35.81951
38.83606
55.65720
38.37393
18.93636
28.91987
39.67804
33.00040
37.17925
56.76899
56.82863
34.34480
32.85871
18.33373
48.13692
58.76071
48.85423
18.34036
31.87766
61.12255
32.73659
21.04391
28.59865
56.65425
55.59981
29.78217
24.75726
28.04781
53.29975
47.37876
30.36776
19.98386
19.33972
26.17527
32.11503
58.01739
29.57920
43.55454
40.50284
43.12691
31.06484
34.51998
37.53406
18.39456
54.50181
44.36089
31.11537
47.98989
26.85890
21.02016
30.05958
32.86118
43.36000
62.17905
32.78239
26.75863
35.24691
24.50720
50.40228
20.08107
58.05797
58.17575
27.33859
55.19937
28.77593
36.44979
49.59229
23.23732
26.40544
47.66786
44.67921
59.93078
49.57110
37.08752
58.63283
17.44365
42.49699
29.87136
28.24821
63.63063
42.48836
44.53606
32.94674
24.00651
63.42335
54.28162
60.08300
32.68045
38.13766
46.56043
31.93788
17.50139
45.14526
61.90382
25.00423
33.19149
48.20041
22.69415
36.01338
30.53400
39.09525
16.92873
39.19426
34.87569
48.28771
56.68878
27.29924
35.14000
30.94585
59.72704
33.38388
54.70590
26.08992
29.82533
25.97981
55.42869
16.77807
31.61678
19.36628
35.91509
43.73972
14.53832
43.78119
32.44043
23.75045
13.77966
30.94804
26.91938
43.25595
46.47149
27.72150
33.50978
31.98582
57.40318
16.89809
20.59202
18.23089
32.33938
15.23525
46.80540
50.20248
43.65067
54.46992
27.83147
60.70234
35.22823
48.73233
17.56978
18.50404
15.85946
38.71378
38.74047
34.36871
39.37289
53.31940
19.59411
39.59770
47.53347
40.36166
29.24189
57.87017
22.46974
32.19357
34.87783
53.56265
42.00314
15.93348
52.15881
24.17976
32.52391
12.16429
40.19180
29.82951
23.71504
32.28762
20.43150
41.21761
39.15349
17.43210
36.93361
44.50910
63.01791
44.18185
23.91144
30.64570
31.87505
46.15076
23.59883
36.43457
14.87480
34.18032
55.65231
